%YAML:1.0
calibration_time: "Tue Jan 13 12:43:50 2015"
nframes: 10
image_width: 640
image_height: 480
board_width: 4
board_height: 4
square_size: 1.
flags: 0
camera_matrix: !!opencv-matrix
   rows: 3
   cols: 3
   dt: d
   data: [ 6.7741024010617934e+02, 0., 3.3450384302965494e+02, 0.,
       6.9337341427019476e+02, 2.8992841935213096e+02, 0., 0., 1. ]
distortion_coefficients: !!opencv-matrix
   rows: 5
   cols: 1
   dt: d
   data: [ -3.6337665295014820e-01, 7.5274430701078794e+00,
       5.1008173699709163e-02, 1.8016211923384481e-02,
       -4.6615046131465874e+01 ]
avg_reprojection_error: 7.2208967999066553e-01
per_view_reprojection_errors: !!opencv-matrix
   rows: 10
   cols: 1
   dt: f
   data: [ 4.47240770e-01, 9.91976738e-01, 6.07970178e-01,
       8.08046758e-01, 5.66349030e-01, 8.78216326e-01, 6.91266060e-01,
       7.94201970e-01, 6.36029243e-01, 6.34327710e-01 ]
# a set of 6-tuples (rotation vector + translation vector) for each view
extrinsic_parameters: !!opencv-matrix
   rows: 10
   cols: 6
   dt: d
   data: [ -2.7974312861779199e-01, 3.4769330241127071e-02,
       1.9083685190608667e-02, -1.4836067281791503e+00,
       -1.7992272281573241e+00, 1.2638598971740155e+01,
       -2.6378727301980559e-01, 1.5878263759906613e-01,
       1.3389778619347875e-01, -1.4012515179996081e+00,
       -2.0576121112624226e+00, 1.3356473779149315e+01,
       -2.2557515055789989e-01, 9.4317643598832782e-02,
       7.6761989411486875e-02, -6.6661341054005996e-01,
       -1.6723494103250407e+00, 1.3734321116462194e+01,
       -1.4882272840204203e-01, 1.1020394329970964e-01,
       4.4405382350705347e-02, -8.3204223404874811e-01,
       -2.3127965286619836e+00, 1.3160305780534330e+01,
       1.3769995852866779e-01, 8.2123110777245489e-02,
       4.8627560359839415e-02, -8.2422100861932079e-01,
       -2.6822030797782284e+00, 1.1344228467826293e+01,
       -1.7756002378049859e-01, 1.3008058677212306e-01,
       3.0370985446801951e-01, -2.2360826015499813e-01,
       -2.2334622464153719e+00, 1.2492935489103221e+01,
       -1.8505494545732126e-01, -1.7756708149558011e-02,
       6.8446618722857212e-03, -1.5279601970036205e+00,
       -2.6702120816025681e+00, 1.2722063591217486e+01,
       -2.1172718969123985e-01, 9.8502591589090263e-02,
       2.4320862797162718e-01, -6.2680873258216008e-01,
       -2.4744754781509091e+00, 1.3653031703963675e+01,
       2.3186471797798414e-01, 5.1017861624045459e-02,
       8.3280168531692789e-02, -1.2001561174654618e+00,
       -3.0432487558686030e+00, 1.3271814475255594e+01,
       -3.0020232199172420e-01, 1.1242871064626075e-02,
       7.4615291541973008e-02, -1.2346592600938109e+00,
       -1.7164458710131245e+00, 1.4482703971954029e+01 ]
image_points: !!opencv-matrix
   rows: 10
   cols: 16
   dt: "2f"
   data: [ 2.56795105e+02, 1.94483002e+02, 3.09615723e+02,
       1.94486176e+02, 3.62117310e+02, 1.94295761e+02, 4.15701569e+02,
       1.95479492e+02, 2.53528030e+02, 2.44629913e+02, 3.07510010e+02,
       2.44507797e+02, 3.61290436e+02, 2.44992050e+02, 4.16433105e+02,
       2.45730972e+02, 2.49574371e+02, 2.97561554e+02, 3.05374207e+02,
       2.98352325e+02, 3.60999115e+02, 2.99007812e+02, 4.17519897e+02,
       2.99979980e+02, 2.44977417e+02, 3.54412476e+02, 3.02424164e+02,
       3.54991089e+02, 3.60495453e+02, 3.56471497e+02, 4.19072998e+02,
       3.57510681e+02, 2.65970001e+02, 1.87524109e+02, 3.13917694e+02,
       1.91450882e+02, 3.63922028e+02, 1.95509216e+02, 4.15200165e+02,
       1.99971558e+02, 2.54443329e+02, 2.31823410e+02, 3.04274719e+02,
       2.36701981e+02, 3.55518066e+02, 2.41919861e+02, 4.08457123e+02,
       2.47003357e+02, 2.45601761e+02, 2.82829102e+02, 2.95906158e+02,
       2.88493530e+02, 3.48073822e+02, 2.94003906e+02, 4.01986298e+02,
       3.00565735e+02, 2.36478012e+02, 3.35838562e+02, 2.87308411e+02,
       3.42357025e+02, 3.40159485e+02, 3.49571930e+02, 3.95056763e+02,
       3.57063721e+02, 3.01913300e+02, 2.08309677e+02, 3.50574066e+02,
       2.10511032e+02, 4.00172943e+02, 2.13182755e+02, 4.50612427e+02,
       2.16202042e+02, 2.96448578e+02, 2.53571106e+02, 3.46275726e+02,
       2.56704559e+02, 3.97209442e+02, 2.60493805e+02, 4.49175934e+02,
       2.63800323e+02, 2.91945953e+02, 3.04269531e+02, 3.42483032e+02,
       3.07547333e+02, 3.93994751e+02, 3.11978638e+02, 4.47031799e+02,
       3.16147400e+02, 2.87415344e+02, 3.56479279e+02, 3.38296631e+02,
       3.60708405e+02, 3.90667572e+02, 3.65526367e+02, 4.44528168e+02,
       3.70442047e+02, 2.92458252e+02, 1.72934052e+02, 3.42961670e+02,
       1.73559158e+02, 3.94387695e+02, 1.74278320e+02, 4.47476868e+02,
       1.74745377e+02, 2.88255981e+02, 2.20373505e+02, 3.40044403e+02,
       2.20832916e+02, 3.92582520e+02, 2.23442993e+02, 4.46569153e+02,
       2.24127335e+02, 2.85938690e+02, 2.72146210e+02, 3.37572388e+02,
       2.74300537e+02, 3.90289642e+02, 2.76240967e+02, 4.45319763e+02,
       2.78890106e+02, 2.82730591e+02, 3.25390778e+02, 3.35041687e+02,
       3.27530640e+02, 3.88543304e+02, 3.30507843e+02, 4.43985931e+02,
       3.33452972e+02, 2.87921722e+02, 1.33485977e+02, 3.45606201e+02,
       1.34981445e+02, 4.04025177e+02, 1.36792374e+02, 4.64383057e+02,
       1.39128632e+02, 2.84123230e+02, 1.90626297e+02, 3.42368561e+02,
       1.92939331e+02, 4.01191101e+02, 1.95553436e+02, 4.61767365e+02,
       1.97989090e+02, 2.81940338e+02, 2.48947891e+02, 3.39484558e+02,
       2.51939301e+02, 3.97964172e+02, 2.55515137e+02, 4.58559784e+02,
       2.57606445e+02, 2.79914581e+02, 3.06583191e+02, 3.37249512e+02,
       3.10058289e+02, 3.94917145e+02, 3.13562500e+02, 4.54820679e+02,
       3.18235535e+02, 3.22738861e+02, 1.71055313e+02, 3.74340790e+02,
       1.83804214e+02, 4.24539124e+02, 1.97644485e+02, 4.81797760e+02,
       2.14275055e+02, 3.05039124e+02, 2.17618958e+02, 3.57495880e+02,
       2.33081131e+02, 4.11320282e+02, 2.48712357e+02, 4.67124084e+02,
       2.64956604e+02, 2.87935333e+02, 2.69996490e+02, 3.40639832e+02,
       2.85891724e+02, 3.94625580e+02, 3.03115692e+02, 4.51188843e+02,
       3.20974060e+02, 2.71126373e+02, 3.23743347e+02, 3.23446838e+02,
       3.41032776e+02, 3.77624023e+02, 3.59352051e+02, 4.34498566e+02,
       3.78729645e+02, 2.55952850e+02, 1.51372314e+02, 3.08041168e+02,
       1.51497787e+02, 3.59963409e+02, 1.51564743e+02, 4.11326141e+02,
       1.51613449e+02, 2.53563736e+02, 1.98562317e+02, 3.06848724e+02,
       1.99343475e+02, 3.59502960e+02, 1.99369568e+02, 4.13165283e+02,
       2.00215820e+02, 2.51255142e+02, 2.51525269e+02, 3.05440247e+02,
       2.51439560e+02, 3.59572144e+02, 2.52048309e+02, 4.13987518e+02,
       2.52475510e+02, 2.50123306e+02, 3.06931976e+02, 3.04397461e+02,
       3.06654999e+02, 3.59538971e+02, 3.07317841e+02, 4.14980103e+02,
       3.07499298e+02, 3.04578857e+02, 1.69426727e+02, 3.51609100e+02,
       1.79030106e+02, 3.99696411e+02, 1.89011154e+02, 4.49513672e+02,
       2.00154816e+02, 2.91000214e+02, 2.11961044e+02, 3.39060333e+02,
       2.22944412e+02, 3.87912903e+02, 2.33523819e+02, 4.39207428e+02,
       2.45510696e+02, 2.77706940e+02, 2.60131012e+02, 3.26462372e+02,
       2.71637451e+02, 3.76490204e+02, 2.83552612e+02, 4.28106964e+02,
       2.96504333e+02, 2.64231598e+02, 3.10367310e+02, 3.13644348e+02,
       3.22790375e+02, 3.64370544e+02, 3.35819366e+02, 4.15758820e+02,
       3.49013397e+02, 2.75974030e+02, 1.37338058e+02, 3.25549011e+02,
       1.41015411e+02, 3.74626495e+02, 1.44752213e+02, 4.24437683e+02,
       1.47945999e+02, 2.72050140e+02, 1.86718765e+02, 3.21013580e+02,
       1.90630630e+02, 3.70290192e+02, 1.94988495e+02, 4.20039795e+02,
       1.98765121e+02, 2.68929565e+02, 2.35704849e+02, 3.17518402e+02,
       2.39937500e+02, 3.65848633e+02, 2.44340561e+02, 4.15456940e+02,
       2.48761108e+02, 2.66424225e+02, 2.83502808e+02, 3.13696136e+02,
       2.88303894e+02, 3.61713196e+02, 2.91715027e+02, 4.10555023e+02,
       2.96503082e+02, 2.77903442e+02, 2.10536591e+02, 3.23930847e+02,
